[{"id": 0, "img_name": "00.png", "width": 1223, "height": 685, "position": [0.35656149654702407, 0.31868666875694057, 0.17766613874025017], "rotation": [[0.976723343418171, 0.005355095982283422, 0.21443608224608618], [-0.05159140086155113, 0.9762073834758863, 0.21061213593785694], [-0.20820623856929085, -0.21677284745600434, 0.9537608163615463]], "fy": 614.2314342669929, "fx": 611.1795113641696}, {"id": 1, "img_name": "01.png", "width": 1223, "height": 685, "position": [4.369191143804893, 0.21014447156720656, -0.5486487595309452], "rotation": [[0.9963348655621891, 0.016003206644022452, 0.08402816814785075], [-0.031237522845073012, 0.9825685386744373, 0.18325742542577728], [-0.07963072793638336, -0.18521059414701282, 0.979467193418969]], "fy": 614.2314342669929, "fx": 611.1795113641696}, {"id": 2, "img_name": "02.png", "width": 1223, "height": 685, "position": [4.239292269412883, -2.9987668825950613, -0.4008518609876767], "rotation": [[0.9989633038358993, -0.0012184768763729148, 0.04550640508067455], [-0.013744905714164124, 0.9449135977858073, 0.32703114574362835], [-0.04339810083602087, -0.32731759505651886, 0.9439172616337955]], "fy": 614.2314342669929, "fx": 611.1795113641696}, {"id": 3, "img_name": "03.png", "width": 1223, "height": 685, "position": [0.31413686738989355, -2.8121666757561044, 0.3199012652199787], "rotation": [[0.9909231540883263, -0.031087167102739992, 0.1307856671549657], [-0.02412206884494035, 0.9159832628445641, 0.4004906840155787], [-0.13224760295099156, -0.40001031265475195, 0.9069191371250054]], "fy": 614.2314342669929, "fx": 611.1795113641696}, {"id": 4, "img_name": "04.png", "width": 1223, "height": 685, "position": [-1.490354553222889, -2.756745212025399, 0.5717826914236546], "rotation": [[0.9708237093809657, -0.08140490628441625, 0.22555391048839704], [-0.014868250379402677, 0.9183692238098706, 0.3954451970747791], [-0.23933294891100518, -0.3872611650962189, 0.8903642679116684]], "fy": 614.2314342669929, "fx": 611.1795113641696}, {"id": 5, "img_name": "05.png", "width": 1223, "height": 685, "position": [0.38369763864758605, 3.460203756073803, -0.2404786600325057], "rotation": [[0.9855476338249978, 0.03034929454930439, 0.1666576784378918], [-0.03033794506682871, 0.9995362791507564, -0.0026145268374095235], [-0.1666597448428092, -0.002479310755233057, 0.9860113500701241]], "fy": 614.2314342669929, "fx": 611.1795113641696}, {"id": 6, "img_name": "06.png", "width": 1223, "height": 685, "position": [4.46309149779319, 3.351226925489408, -0.9268165469681252], "rotation": [[0.9947008240343679, 0.02529150688377261, 0.09965244776169702], [-0.026983303228660705, 0.999513125778601, 0.015665654890892666], [-0.09920772153527074, -0.018271592044441103, 0.9948989782444958]], "fy": 614.2314342669929, "fx": 611.1795113641696}, {"id": 7, "img_name": "07.png", "width": 1223, "height": 685, "position": [-3.40917618225706, -2.6721014034933805, 0.912224954327804], "rotation": [[0.945852375077422, -0.10899769497740772, 0.30574954954997363], [-0.028144232214294893, 0.9108496804958105, 0.4117775634171292], [-0.32337468477521186, -0.3980858726836359, 0.8584616771972063]], "fy": 614.2314342669929, "fx": 611.1795113641696}, {"id": 8, "img_name": "08.png", "width": 1223, "height": 685, "position": [-3.32677923568692, 3.54969955013418, 0.5464503932525031], "rotation": [[0.9456814670301251, 0.05740242699855755, 0.3199867564297398], [-0.04610851422401045, 0.998020540498535, -0.04276687572253106], [-0.32180827806600093, 0.0256897278632426, 0.9464562694866085]], "fy": 614.2314342669929, "fx": 611.1795113641696}, {"id": 9, "img_name": "09.png", "width": 1223, "height": 685, "position": [-3.4195683974630504, 0.39602467890074927, 0.7710067506889622], "rotation": [[0.9611449094467617, 0.019574570052458114, 0.2753494130225043], [-0.06495859896500258, 0.9855097860458053, 0.15668708315765734], [-0.2682924588300615, -0.16848530444882154, 0.9484892507138432]], "fy": 614.2314342669929, "fx": 611.1795113641696}, {"id": 10, "img_name": "10.png", "width": 1223, "height": 685, "position": [2.2050600129433158, 3.3793797764490967, -0.5989077747872458], "rotation": [[0.9874074130494624, 0.040978319012721906, 0.15279848829703782], [-0.030882301377579878, 0.9972159264488694, -0.06787252388373169], [-0.15515438800302342, 0.06229906425954562, 0.9859239029842983]], "fy": 614.2314342669929, "fx": 611.1795113641696}, {"id": 11, "img_name": "11.png", "width": 1223, "height": 685, "position": [2.0110587787072074, -2.874653071968917, 0.03860705569568894], "rotation": [[0.9930283808239456, -0.031056999557241154, 0.11371058726730117], [-0.01174054234625307, 0.9338106696065787, 0.35757487746530625], [-0.11728936244855638, -0.3564170255577229, 0.926935871217096]], "fy": 614.2314342669929, "fx": 611.1795113641696}, {"id": 12, "img_name": "12.png", "width": 1223, "height": 685, "position": [-1.2834966882412013, 3.497577646226394, 0.13447951025400834], "rotation": [[0.9781673794274967, 0.059139635424826656, 0.19922620647335104], [-0.05526152975452455, 0.9981595015070446, -0.024975445549534132], [-0.20033656968495167, 0.013420621186313795, 0.9796352105625032]], "fy": 614.2314342669929, "fx": 611.1795113641696}]